9913 3414 1002 1002
1003 1006 1006 1008
3888 1004 1004 1003
1005 1007 1000 1002
1001 1007 1003 1007
1004 1000 1007 1003
1004 1002 1007 1005
1006 1008 1006 1006
1000 1009 1001 1003
1007 1008 1008 1001
1003 1003 1001 1007
1007 1001 1006 1002
1004 1000 1009 1009
1005 1003 1000 1002
1002 1002 1002 1005
1004 1002 1009 1006
1003 1003 1000 1003
1000 1009 1000 1007
1007 1001 1004 1009
1007 1002 1005 1009
1004 1000 1004 6840
1007 4802 1005 1009
1008 1001 1004 1004
1005 1007 1001 1001
1003 1007 1008 1009
5525 1005 1006 1001
9960 1009 9738 1005
1005 3024 1009 1003
1003 1004 6848 1008
1006 3887 1001 1000
1001 1007 4537 1008
7376 1002 1003 4908
1002 1002 1007 8399
1004 9995 1006 1009
1001 1007 1001 1008
1002 1009 1006 1005
1004 1007 1002 1006
1000 1006 1004 1009
1000 1008 4745 1003
1003 1006 1001 4976
1002 1007 1006 1008
1008 1008 1006 2785
1004 1008 1003 9272
1006 1009 1003 1000
1008 1009 1009 1008
1007 1004 1004 1009
1003 1001 1006 1002
1009 1002 1009 1003
1008 1002 1006 1008
1009 1007 1009 1002