27007426
27737881
27639246
27896959
27926906
27146849
27975573
27296896
27379449
27801577
27812262
27096447
27682798
27735687
27910907
27164667
27817208
27948271
27867211
27798681
27296230
27527670
27114617
27548878
27985259
27383313
27179152
27449565
27444203
27325843
27220990
27659766
27848274
27010400
27118733
27494954
27753363
27561112
27778118
27490453
27890585
27369335
27389347
27874926
27835125
27820992
27012311
27542623
27506231
27232522
27834733
27959480
27890868
27824460
27140043
27721417
27193257
27055563
27415035
27019258
27361741
27452632
27211839
27959069
27100041
27745654
27608851
27027368
27189583
27206756
27401691
27976813
27157951
27440851
27118226
27602287
27053312
27055518
27928255
27424502
27718485
27121648
27047917
27723861
27130547
27370094
27734412
27278320
27090713
27952685
27132721
27561954
27180246
27732618
27095007
27400996
27708108
27264550
27106899
27451796
27578222
27650284
27255543
27579974
27476061
27605679
27458286
27928162
27374193
27699091
27309831
27097926
27916985
27193719
27282778
27714808
27571621
27429300
27173642
27145925
27052422
27297642
27555990
27941634
27856962
27105183
27385423
27769518
27014357
27121683
27878854
27395271
27634788
27295150
27910127
27430412
27980335
27926431
27515023
27675447
27749637
27856995
27490244
27898514
27848113
27242705
27796939
27658065
27613076
27828345
27241598
27255706
27989023
27895185
27365306
27851379
27918137
27004983
27652123
27186128
27057361
27349105
27454186
27884544
27844794
27409703
27706458
27966889
27788277
27750599
27553757
27104347
27533424
27114936
27500169
27639463
27582839
27072845
27838307
27342137
27483278
27518934
27943983
27635473
27957704
27655081
27910243
27480780
27189756
27503679
27652539
27230781
27158246
27349090
27958209
27823012
27852816
27879055
27484499
27735357
27176728
27075878
27761943
27643956
27307161
27713206
27489367
27714357
27804728
27923067
27088320
27970657
27822517
27471112
27917222
27604667
27415177
27143916
27285190
27575000
27608448
27821085
27729632
27484084
27319916
27031348
27163044
27473851
27019164
27920585
27647098
27082119
27589579
27084192
27299428
27319059
27254136
27740771
27689558
27335795
27925728
27069653
27937051
27196524
27903205
27590815
27590581
27803444
27615826
27956564
27777520
27380512
27017956
27697815
27809289
27369135
27348237
27238542
27390568
27313800
27970589
27481145
27162886
27109877
27910719
27245306
27666135
27243901
27701174
27117564
27812651
27834497
27490197
27929485
27105091
27928593
27166588
27817902
27360085
27529225
27058957
27337946
27556555
27622489
27314727
27353738
27679220
27672718
27324648
27804288
27587377
27558678
27951266
27561813
27219449
27538760
27454677
27300607
27070685
27972258
27276069
27900874
27011517
27914541
27353439
27862162
27844366
27393256
27234895
27656868
27844043
27710629
27531882
27554499
27428725
27133354
27338794
27634330
27521612
27596202
27866997
27786870
27314021
27596606
27790312
27538407
27805526
27179721
27950768
27209531
27416229
27088852
27471354
27810495
27753806
27156042
27863365
27392171
27672300
27366820
27338995
27873415
27127515
27056230
27146077
27363155
27566628
27076607
27477090
27614144
27205052
27452830
27347638
27375771
27372293
27880305
27884131
27460946
27175719
27855091
27518426
27891950
27215604
27069931
27614148
27083827
27849285
27479130
27709206
27123710
27802317
27422457
27049858
27341875
27489595
27784534
27694212
27666575
27121352
27114681
27014331
27127484
27750145
27531589
27814772
27515151
27508538
27113850
27722885
27946052
27854087
27386302
27885398
27681137
27144654
27622831
27116276
27007751
27465867
27280661
27644513
27920999
27755755
27841842
27602503
27687611
27629456
27256296
27440826
27746259
27503110
27981219
27746183
27288872
27553104
27375114
27233992
27716963
27968309
27781211
27077460
27738677
27695786
27133483
27458430
27322148
27879305
27403610
27456646
27214372
27713459
27283399
27316641
27872188
27908442
27792334
27586899
27596325
27823713
27806514
27849013
27538209
27475233
27314723
27470512
27939134
27142589
27719686
27969700
27300814
27666051
27382977
27242685
27717585
27490958
27131429
27532757
27089678
27835374
27235958
27648650
27582009
27837566
27769672
27366003
27950253
27532789
27744369
27642515
27793512
27586537
27587710
27699334
27752939
27686537
27800156
27600474
27445783
27426829
27717410
27349440
27415712
27379132
27988599
27790682
27042942
27940509
27457936
27475640
27540662
27215523
27437531
27359656
27840698
27420288
27351380
27543260
27840938
27927128
27755172